duration=1709.3829931973
position=10.583333333333
