duration=1693.1750113379
position=9.6666666666667
