duration=1420.1080045351
position=6.4647916666667
