duration=1420.0150113379
position=431.13904166667
